[0,10): 2,9; 3,0 
[10,20): 14,3 
[20,30): 25,9 
[30,40): 33,7; 38,5; 37,4 
[40,50): 41,0; 44,5; 45,4; 46,4; 47,6 
[50,60): 50,0; 58,9; 58,5; 55,0; 58,6; 58,0; 55,4 
[60,70): 64,9; 66,4; 68,8; 62,0; 61,0; 60,0; 66,5; 63,4; 69,0; 63,0; 64,6; 64,3; 66,3 
[70,80): 70,0; 70,0; 75,2; 75,2; 77,4; 78,7; 71,2; 77,0; 78,1; 75,9; 71,3; 75,0; 71,8; 71,5; 78,2; 73,0; 70,7; 70,9 
[80,90): 81,0; 85,8; 85,7; 87,6; 83,2; 81,7; 86,2; 84,9; 88,8; 86,3; 81,1; 80,5; 84,4; 85,6; 87,6
[90,100): 96,9; 96,6; 91,7; 99,8; 95,0; 96,4; 98,9; 97,0; 95,3; 92,9; 96,5; 93,0; 93,3; 95,0; 98,7; 94,2; 99,6; 91,4; 98,4 
[100,110): 103,9; 106,0; 106,1; 109,; 108,5 
[110,120): 119,4; 115,0; 117,9; 114,6; 112,8; 112,0 
[120,130): 120,0; 128,6; 125,
[130,140): 
[140,150): 148,0 
[150,160):
[160,170):
[170,180): 170,0 
 
